Kirolos Shahat
Computing Project 1
Math 472
March 8th, 2018

H inverse using equation 3:
	64.0  -2016.0  20160.0  -92400.0  221760.0  -288288.0  192192.0  -51480.0  
	-2016.0  84672.0  -952560.0  4656960.0  -11642400.0  15567552.0  -10594584.0  2882880.0  
	20160.0  -952560.0  11430720.0  -58212000.0  149688000.0  -204324120.0  141261120.0  -38918880.0  
	-92400.0  4656960.0  -58212000.0  304920000.0  -800415000.0  1109908800.0  -776936160.0  216216000.0  
	221760.0  -11642400.0  149688000.0  -800415000.0  2134440000.0  -2996753760.0  2118916800.0  -594594000.0  
	-288288.0  15567552.0  -204324120.0  1109908800.0  -2996753760.0  4249941696.0  -3030051024.0  856215360.0  
	192192.0  -10594584.0  141261120.0  -776936160.0  2118916800.0  -3030051024.0  2175421248.0  -618377760.0  
	-51480.0  2882880.0  -38918880.0  216216000.0  -594594000.0  856215360.0  -618377760.0  176679360.0  

Condition number with infinity norm: 33872791094.999996

H inverse using LLT:
	63.99999940044836  -2015.9999654336134  20159.999525644816  -92399.99733800068  221759.99263112247  -288287.9893399477  192191.99227656424  -51479.99778810516  
	-2015.9999654337253  84671.99801183947  -952559.9727585431  4656959.847291535  -11642399.577618796  15567551.38940304  -10594583.55782734  2882879.87342314  
	20159.9995256403  -952559.9727584413  11430719.62712193  -58211997.911272235  149687994.2258787  -204324111.65652457  141261113.96002012  -38918878.271482624  
	-92399.99733792295  4656959.847291142  -58211997.91127271  304919988.30581707  -800414967.6850394  1109908753.3199582  -776936126.215868  216215990.33364505  
	221759.99263072235  -11642399.57761615  149687994.22587726  -800414967.685042  2134439910.7292728  -2996753631.075216  2118916706.7095168  -594593973.3116959  
	-288287.98934006836  15567551.38940294  -204324111.65652722  1109908753.3199618  -2996753631.07521  4249941509.8403997  -3030050889.3137164  856215321.4738884  
	192191.9922763992  -10594583.557825837  141261113.96001977  -776936126.2158698  2118916706.7095134  -3030050889.313717  2175421150.5659766  -618377732.1323229  
	-51479.997788089255  2882879.873423024  -38918878.27148349  216215990.3336468  -594593973.3116959  856215321.4738889  -618377732.1323229  176679352.0300311  

Infinity norm using choleski: 543.941553337907

H inverse using QR:
	64.00000045242079  -2016.000020613157  20160.00023488244  -92400.00113008218  221760.00274402488  -288288.00354093546  192192.00231898268  -51480.00060665488  
	-2016.0000214675904  84672.00095566951  -952560.0106392766  4656960.050018226  -11642400.118647503  15567552.149558354  -10594584.095660087  2882880.0244339393  
	20160.000254347604  -952560.0110876955  11430720.120766858  -58212000.55488798  149688001.28484046  -204324121.57878032  141261120.98287544  -38918880.24394411  
	-92400.00127016971  4656960.054313693  -58212000.579330266  304920002.60147643  -800415005.8730018  1109908807.016017  -776936164.2320018  216216001.0135223  
	221760.00319497057  -11642400.134204773  149688001.4029213  -800415006.1561252  2134440013.5308754  -2996753775.663354  2118916809.0990553  -594594002.0814623  
	-288288.00426419545  15567552.176167876  -204324121.8060844  1109908807.7429888  -2996753776.5423827  4249941714.4816456  -3030051034.25615  856215362.2066213  
	192192.00288399664  -10594584.117312483  141261121.18024254  -776936164.9423772  2118916810.2446659  -3030051034.992179  2175421253.762201  -618377761.1369803  
	-51480.00077802489  2882880.031190573  -38918880.308116436  216216001.25996214  -594594002.5286788  856215362.5898015  -618377761.2619033  176679360.21817413  

Infinity norm using QR: 57.2163046495989
